# first row
0 0 0
1 0 0
2 0 0
3 0 0
4 0 0
5 0 0
6 0 0
7 0 0
8 0 0
9 0 0
# seccond row
0 1 0
1 1 0
2 1 0
3 1 0
4 1 0
5 1 0
6 1 0
7 1 0
8 1 0
9 1 0
# thrid row
0 2 0
1 2 0
2 2 0
3 2 0
4 2 0
5 2 0
6 2 0
7 2 0
8 2 0
9 2 0
# fourth row
0 3 0
1 3 0
2 3 0
3 3 0
4 3 0
5 3 0
6 3 0
7 3 0
8 3 0
9 3 0
# fifth row
0 4 0
1 4 0
2 4 0
3 4 0
4 4 0
5 4 0
6 4 0
7 4 0
8 4 0
9 4 0
# sixth row
0 5 0
1 5 0
2 5 0
3 5 0
4 5 0
5 5 0
6 5 0
7 5 0
8 5 0
9 5 0
# seventh row
0 6 0
1 6 0
2 6 0
3 6 0
4 6 0
5 6 0
6 6 0
7 6 0
8 6 0
9 6 0

# SECOND LAYER ###########
# first row
1 1 1
2 1 1
3 1 1
4 1 1
5 1 1
6 1 1
7 1 1
8 1 1
# second row
1 2 1
2 2 1
3 2 1
4 2 1
5 2 1
6 2 1
7 2 1
8 2 1
# third row
1 3 1
2 3 1
3 3 1
4 3 1
5 3 1
6 3 1
7 3 1
8 3 1
# fourth row
1 4 1
2 4 1
3 4 1
4 4 1
5 4 1
6 4 1
7 4 1
8 4 1
# fifth row
1 5 1
2 5 1
3 5 1
4 5 1
5 5 1
6 5 1
7 5 1
8 5 1

# THIRD LAYER ################
# first row
2 2 2
3 2 2
4 2 2
5 2 2
6 2 2
7 2 2
# second row
2 3 2
3 3 2
4 3 2
5 3 2
6 3 2
7 3 2
# third row
2 4 2
3 4 2
4 4 2
5 4 2
6 4 2
7 4 2

# FOURTH LAYER
4 3 3
5 3 3